1000
0.0202167652569
0.00385288835562
0.0042964297578
0.00421316744855
0.0712379627128
0.012421377565
0.157584124388
0.0596036301586
0.141315946521
0.00145729230963
0.00345513589601
0.00316117580518
1.46216604003e-09
6.21267888765e-06
0.0534504566667
1.1052028242e-06
0.00931986651494
0.000734627179529
0.0246404958937
9.42020570824e-05
1.39040780083e-07
6.46978193038e-05
0.0103927620366
0.00119566329597
0.0274770899214
0.00835773123164
2.72879670609e-05
4.40011132425e-08
0.00145729230963
0.00931986651494
0.00352508781606
0.00835773123164
0.000186958785658
1.86872225094e-05
4.48043027116e-07
0.00133330709093
0.0225441029792
0.00145729230963
2.21603722122e-09
0.0042964297578
0.00162505462578
0.0042964297578
8.13172942334e-07
3.97321371631e-05
0.00852694001661
0.00469818388953
3.25989904444e-05
7.72898761036e-05
0.00931986651494
0.0220967373045
1.23243288256e-06
4.66363601314e-06
9.61092511735e-05
0.00316117580518
0.0246404958937
0.000208481330379
1.67580493722e-05
0.0111390581666
0.00764666240369
0.0028922255946
0.000232481533103
0.00130684891574
7.88181607642e-06
0.00194225721705
0.000249175850537
0.00931986651494
0.000504301705799
3.63517599505e-05
0.0103927620366
0.00393089308432
0.000749145177248
1.8190322423e-08
0.00352508781606
0.000749145177248
0.000277860773622
5.6841093306e-06
8.793235595e-05
0.000672125709566
0.00352508781606
0.00119566329597
0.00025924461982
0.00145729230963
2.50498262409e-11
1.37494615281e-05
1.64255022724e-05
0.00033866086708
0.000232481533103
8.61874243472e-05
0.000232481533103
8.793235595e-05
1.37494615281e-05
4.66363601314e-06
0.00181212960455
0.000232481533103
8.13172942334e-07
3.63517599505e-05
0.00385288835562
6.21267888765e-06
0.000614650462277
7.67223570204e-09
1.47367996286e-05
3.97509705926e-05
2.06546455509e-07
0.000614650462277
0.00385288835562
0.000551197096748
9.61092511735e-05
0.00162505462578
0.000190743912038
0.00025924461982
0.00025924461982
5.6841093306e-06
0.000562356511718
0.000734627179529
0.000551197096748
0.00025410016389
1.15094010019e-05
1.55047042623e-07
0.00145729230963
0.000614650462277
0.00028335196996
0.00025924461982
0.00133330709093
0.00119566329597
1.92797491907e-06
1.41788559888e-07
0.00393089308432
0.000494294331673
3.32589824221e-05
0.00025410016389
6.21562375944e-06
0.000212702197457
5.19810223375e-07
0.000494294331673
0.000232481533103
4.05365452575e-05
5.25649956603e-08
0.00045224018069
0.00025924461982
6.09228078504e-06
0.00148679632863
0.000232481533103
0.000494294331673
1.46216604003e-09
7.72540914509e-06
0.000107173270707
4.05365452575e-05
0.000685408528104
2.92201026782e-06
0.000551197096748
6.46978193038e-05
0.000671807266218
7.29225132782e-07
0.00162505462578
0.00028335196996
0.00162505462578
2.34984466964e-06
0.00162505462578
0.00025410016389
2.67340806241e-06
7.43988864143e-07
0.00148679632863
0.00174174853006
1.17531150845e-10
0.00109393725634
6.95104688673e-12
2.17206212993e-09
0.00352508781606
7.07141176722e-05
0.000749145177248
1.34766169115e-05
0.000614650462277
5.53302652664e-10
0.000504301705799
0.000614650462277
0.00393089308432
9.61092511735e-05
7.88546699051e-05
0.00352508781606
4.18024979609e-07
0.000107173270707
1.83250750085e-05
0.000551197096748
0.00028335196996
0.00028335196996
8.44780313692e-06
2.39741910706e-06
1.83250750085e-05
0.000107173270707
2.53982517355e-05
3.56303948277e-05
6.33845941551e-06
8.793235595e-05
0.000232481533103
7.07141176722e-05
5.92473074867e-10
0.00352508781606
3.56472839903e-05
0.00130684891574
3.74870221809e-07
0.000208481330379
8.89211795012e-07
1.08689401889e-12
5.6841093306e-06
1.34766169115e-05
4.2668577366e-06
2.23348755234e-05
4.53752640958e-10
0.000551197096748
0.000602738893891
3.70877296727e-05
1.12810081957e-05
5.09736603646e-07
1.16333130784e-07
0.000671807266218
5.36292149802e-08
0.000232481533103
2.35095851947e-06
8.61874243472e-05
3.36170540168e-07
0.000208481330379
4.74876529868e-05
0.00145729230963
5.86162355948e-08
2.92201026782e-06
0.00133330709093
9.8055057896e-05
1.64332881244e-05
2.04249612386e-05
0.000208481330379
0.000819196868348
0.000614650462277
3.56303948277e-05
0.00479103128872
5.2954393325e-05
0.000602453325004
0.00025410016389
0.000119510971253
7.88546699051e-05
3.8245976172e-07
3.63517599505e-05
6.53640893935e-08
0.000105096315069
0.00145729230963
4.43060687704e-05
0.00194225721705
9.91107345403e-07
0.00133330709093
8.61874243472e-05
0.000819196868348
5.50941896486e-05
3.63517599505e-05
1.58184382848e-06
0.00162505462578
1.18688385716e-07
8.13172942334e-07
0.00028335196996
1.03212293928e-05
9.61092511735e-05
1.6304894161e-09
7.0681377548e-06
0.000208481330379
8.793235595e-05
0.00162505462578
7.21457801174e-05
4.94065476978e-05
5.2954393325e-05
7.88546699051e-05
0.000551197096748
1.23300375437e-05
1.53322884575e-05
7.72540914509e-06
3.63517599505e-05
0.000208481330379
0.003225176274
5.20051003222e-06
0.00148679632863
0.00148679632863
0.00133330709093
3.36329888359e-07
1.64255022724e-05
0.000658788032223
4.43060687704e-05
4.66363601314e-06
1.41788559888e-07
1.76394441509e-06
0.000227868164454
0.000107173270707
0.000494294331673
1.85223657359e-07
0.000504301705799
0.00162505462578
0.000171052487536
3.46669116241e-09
4.43060687704e-05
0.000551197096748
4.0992389869e-07
0.00033866086708
0.00130684891574
4.52030796763e-05
2.98116864387e-06
1.34703773355e-06
2.39741910706e-06
0.00145729230963
8.13172942334e-07
1.34766169115e-05
6.21562375944e-06
2.39741910706e-06
1.86872225094e-05
1.23243288256e-06
1.18456657637e-06
1.20854905027e-06
6.93116135701e-06
0.000190743912038
2.39741910706e-06
8.61874243472e-05
0.000734627179529
1.37494615281e-05
0.00025410016389
1.92797491907e-06
1.23243288256e-06
1.59813394831e-09
2.26194988893e-08
3.19524403731e-06
7.07141176722e-05
8.61874243472e-05
0.000614650462277
2.9825495427e-05
8.61475201941e-06
0.000614650462277
0.00020434422228
8.793235595e-05
0.000504301705799
0.000227868164454
0.00316117580518
3.97321371631e-05
8.61874243472e-05
1.47656281499e-06
3.63517599505e-05
0.000277860773622
3.63517599505e-05
3.63517599505e-05
1.50280341886e-05
0.000107173270707
0.000614650462277
8.793235595e-05
8.793235595e-05
7.72898761036e-05
9.61092511735e-05
5.68147762915e-07
0.00121987043161
0.000107173270707
1.37494615281e-05
0.000671807266218
1.50280341886e-05
0.000232481533103
2.39741910706e-06
2.49060483924e-05
7.07141176722e-05
1.67580493722e-05
1.07531698199e-10
2.86538340871e-06
0.00025410016389
5.09495097885e-07
7.88546699051e-05
7.69789452707e-15
6.21267888765e-06
9.61092511735e-05
9.61092511735e-05
0.000277860773622
7.60094909442e-11
3.90739340279e-11
1.50280341886e-05
8.29636262549e-07
0.00145729230963
0.000208481330379
1.10571476213e-05
0.000114869299625
4.05365452575e-05
8.61874243472e-05
0.00133330709093
0.00181212960455
4.43060687704e-05
0.00216584830247
1.88971614243e-06
0.000105096315069
0.000186958785658
4.75805496027e-06
0.000685408528104
6.79361923881e-06
0.000130624385415
1.02253296501e-07
4.18024979609e-07
1.50280341886e-05
0.000171052487536
7.23870625832e-11
9.94421978965e-13
2.47229029256e-08
1.67580493722e-05
0.000614650462277
0.00025410016389
3.04293358356e-05
8.793235595e-05
1.3118410383e-09
0.000190743912038
1.06435604689e-07
1.50280341886e-05
9.61092511735e-05
9.8055057896e-05
1.34766169115e-05
0.000227868164454
0.00133330709093
1.83163928555e-05
1.37494615281e-05
3.63517599505e-05
1.37494615281e-05
5.6841093306e-06
6.16991745964e-09
0.000174515578509
0.000232481533103
3.25989904444e-05
2.92336376407e-05
2.26194988893e-08
3.36170540168e-07
0.000212702197457
7.57569521012e-06
0.00133330709093
9.61092511735e-05
0.000227868164454
0.000614650462277
9.61092511735e-05
5.40264963043e-05
1.1052028242e-06
1.34766169115e-05
1.50280341886e-05
0.000186958785658
3.42976574853e-07
1.06435604689e-07
0.000504301705799
0.000128092960817
5.82127842039e-11
9.61092511735e-05
1.37494615281e-05
3.29499564586e-07
6.254303418e-18
0.00177701158703
1.70973291473e-05
0.00028335196996
4.43060687704e-05
0.00025410016389
2.81401678454e-07
1.2579668767e-05
3.63517599505e-05
1.50210763176e-06
0.000671807266218
0.00025410016389
2.34984466964e-06
7.88546699051e-05
9.42467097974e-05
2.14992183786e-06
1.37494615281e-05
4.99621379287e-07
0.000117139392914
3.97321371631e-05
8.71162727759e-08
1.67580493722e-05
7.88546699051e-05
0.000562356511718
1.70973291473e-05
8.793235595e-05
0.00025410016389
0.000562356511718
3.32589824221e-05
3.32589824221e-05
3.70877296727e-05
3.32589824221e-05
7.88546699051e-05
0.000309847881934
3.89441122653e-06
0.000562356511718
5.7480287049e-08
0.00181212960455
4.43060687704e-05
8.88790499446e-07
0.000614650462277
0.00010504652197
8.61874243472e-05
4.43060687704e-05
0.000227868164454
0.00025410016389
0.000551197096748
9.165473477e-09
6.92787747396e-06
0.00025410016389
1.12810081957e-05
0.00028335196996
0.000208481330379
0.000232481533103
4.94065476978e-05
0.000232481533103
1.02254400608e-08
2.9825495427e-05
0.000734627179529
3.63517599505e-05
5.20051003222e-06
8.88800096392e-08
1.47299765971e-06
0.000208481330379
5.20051003222e-06
9.61092511735e-05
0.000232481533103
1.27151035196e-07
0.00045224018069
1.37494615281e-05
1.85223657359e-07
0.000309847881934
0.000119510971253
2.62912034738e-12
0.000551197096748
0.000128092960817
0.000107173270707
3.63517599505e-05
0.000614650462277
0.000107173270707
8.64756673218e-11
8.61874243472e-05
2.00683189058e-06
0.000186958785658
7.88546699051e-05
0.000685408528104
3.56472839903e-05
2.67340806241e-06
0.000614650462277
6.33845941551e-06
0.000551197096748
3.42976574853e-07
1.50280341886e-05
7.67223570204e-09
0.000208481330379
1.09759579157e-09
5.11199040005e-13
1.92797491907e-06
1.27151035196e-07
4.06909542395e-10
2.55068064519e-09
4.84490775457e-05
0.000128092960817
0.000551197096748
0.00028335196996
7.0681377548e-06
0.000105096315069
1.61386949009e-06
4.44542448315e-11
0.000208481330379
2.27762663144e-05
9.91107345403e-07
0.00162505462578
2.14992183786e-06
6.33845941551e-06
4.90664859353e-08
5.25649956603e-08
3.97321371631e-05
0.000212702197457
3.43451747279e-12
5.79918855566e-06
8.38568261004e-09
0.000208481330379
0.000551197096748
7.88546699051e-05
1.83250750085e-05
3.97321371631e-05
4.60171671778e-18
1.23300375437e-05
0.000413763961927
1.83250750085e-05
5.6841093306e-06
0.00028335196996
5.14980404679e-09
1.98818540433e-08
3.97321371631e-05
8.61874243472e-05
3.86577385497e-09
1.01164146901e-05
0.000494294331673
0.000614650462277
5.6841093306e-06
1.58111144625e-07
1.37494615281e-05
2.27762663144e-05
5.6841093306e-06
9.91107345403e-07
8.13172942334e-07
1.86872225094e-05
3.42976574853e-07
5.6841093306e-06
0.000117139392914
0.000208481330379
3.97321371631e-05
1.33515430387e-08
0.000190743912038
8.61874243472e-05
4.05365452575e-05
4.99621379287e-07
2.90189827846e-09
1.50280341886e-05
0.000232481533103
0.000107173270707
3.25989904444e-05
3.97321371631e-05
9.06784756061e-07
0.00025410016389
0.000504301705799
1.2579668767e-05
4.95947436747e-10
5.5739545985e-06
1.37494615281e-05
1.37494615281e-05
0.000540259129454
0.00025410016389
3.32589824221e-05
0.000232481533103
6.33845941551e-06
9.42020570824e-05
2.65500718439e-09
4.18218611796e-06
6.46978193038e-05
8.61874243472e-05
7.0681377548e-06
1.50280341886e-05
2.98116864387e-06
4.99621379287e-07
0.000171052487536
7.72540914509e-06
7.72898761036e-05
2.0029137372e-05
0.000107173270707
5.2954393325e-05
0.000227868164454
1.58111144625e-07
0.00025924461982
5.6841093306e-06
3.32589824221e-05
1.79965684505e-06
3.25989904444e-05
7.88546699051e-05
2.67464640432e-05
4.22525504285e-09
4.56897433578e-07
9.2333706379e-06
7.07141176722e-05
5.50941896486e-05
2.99252430362e-11
2.84431294529e-09
2.21706370566e-08
0.00025410016389
1.40278300966e-05
1.29725307038e-07
6.46978193038e-05
1.86872225094e-05
8.89211795012e-07
2.39741910706e-06
1.04323494212e-07
9.06784756061e-07
2.14992183786e-06
4.35324359817e-06
4.05365452575e-05
2.14992183786e-06
3.25989904444e-05
2.67464640432e-05
6.92787747396e-06
1.50210763176e-06
1.69384692476e-07
1.41788559888e-07
1.72895933206e-07
9.06784756061e-07
1.38976405209e-08
4.2668577366e-06
2.75817537366e-07
0.00025924461982
9.61092511735e-05
2.9825495427e-05
6.20980246233e-07
2.34984466964e-06
0.000227868164454
0.000117139392914
1.2215604852e-08
3.70877296727e-05
2.39741910706e-06
0.000208481330379
7.21457801174e-05
0.000504301705799
2.39741910706e-06
0.00045224018069
1.50280341886e-05
1.23300375437e-05
1.36548249598e-08
3.56303948277e-05
0.000232481533103
2.62035689411e-06
2.49060483924e-05
1.29725307038e-07
2.86538340871e-06
8.44780313692e-06
2.21706370566e-08
2.67340806241e-06
0.00159356201251
1.10572670137e-06
2.02843776795e-08
2.44708971086e-05
5.20051003222e-06
0.000494294331673
1.53322884575e-05
0.000685408528104
3.70877296727e-05
1.23300375437e-05
1.03212293928e-05
4.43060687704e-05
5.6841093306e-06
2.67340806241e-06
3.63517599505e-05
0.000249175850537
2.9825495427e-05
7.0681377548e-06
7.67223570204e-09
0.000551197096748
8.88790499446e-07
1.08327115508e-06
1.46216604003e-09
9.8055057896e-05
0.000186958785658
8.04511441771e-05
1.53322884575e-05
0.000551197096748
4.03921713431e-14
0.000614650462277
2.9825495427e-05
7.72540914509e-06
8.61874243472e-05
3.97321371631e-05
0.000190743912038
1.37494615281e-05
4.66363601314e-06
9.2333706379e-06
7.88546699051e-05
7.88546699051e-05
8.793235595e-05
7.72898761036e-05
0.000212702197457
0.000504301705799
3.29503122443e-08
3.1073683675e-10
1.50280341886e-05
1.79965684505e-06
3.18235547028e-15
7.29225132782e-07
9.61092511735e-05
8.793235595e-05
4.84490775457e-05
1.01164146901e-05
1.37494615281e-05
2.9825495427e-05
4.84490775457e-05
0.00028335196996
2.92336376407e-05
1.16333130784e-07
1.37494615281e-05
1.2579668767e-05
6.29483224905e-09
0.000232481533103
4.56897433578e-07
4.75805496027e-06
1.74757358843e-09
3.25989904444e-05
1.54973583598e-07
8.61874243472e-05
0.000208481330379
3.8245976172e-07
1.83250750085e-05
0.000128092960817
4.52030796763e-05
8.13172942334e-07
0.000212702197457
3.13796412876e-07
1.88971614243e-06
0.000315971220368
1.8190322423e-08
1.70973291473e-05
9.61092511735e-05
5.09731099692e-06
0.000208481330379
0.000562356511718
0.000685408528104
0.000749145177248
8.88790499446e-07
5.6841093306e-06
0.000130624385415
3.32589824221e-05
7.72540914509e-06
3.97321371631e-05
3.2583897348e-06
6.79361923881e-06
1.32093292591e-06
0.000227868164454
1.53322884575e-05
1.53322884575e-05
1.50210763176e-06
1.50280341886e-05
3.2583897348e-06
0.000671807266218
1.86872225094e-05
3.63517599505e-05
9.61092511735e-05
0.000107173270707
1.54973583598e-07
5.90504604049e-05
9.06784756061e-07
0.000551197096748
1.72814017638e-07
8.88790499446e-07
3.32589824221e-05
5.01286887225e-12
1.41788559888e-07
0.000130624385415
1.34766169115e-05
7.28887506829e-08
7.88181607642e-06
1.12810081957e-05
8.793235595e-05
5.20051003222e-06
0.000119510971253
5.86162355948e-08
3.07569429967e-07
3.32589824221e-05
0.000190743912038
0.000208481330379
0.00025410016389
1.2579668767e-05
1.98818540433e-08
0.00025410016389
2.08384805034e-05
4.25852709209e-05
9.73801518893e-08
8.29636262549e-07
0.000232481533103
4.43060687704e-05
2.23348755234e-05
4.18024979609e-07
0.00025410016389
6.33845941551e-06
3.97321371631e-05
2.92201026782e-06
1.1052028242e-06
4.43060687704e-05
1.37494615281e-05
2.60111630767e-10
1.27092165188e-08
0.000254220609904
5.6841093306e-06
4.43060687704e-05
2.92201026782e-06
1.96609756389e-07
2.19344868167e-06
0.00045224018069
3.25989904444e-05
2.95350099476e-09
7.0681377548e-06
5.90504604049e-05
0.00119566329597
8.793235595e-05
3.32589824221e-05
1.29725307038e-07
4.52030796763e-05
3.8245976172e-07
1.78295457824e-09
8.793235595e-05
1.64332881244e-05
3.90383702611e-06
8.61874243472e-05
1.50280341886e-05
0.000602453325004
1.4465917983e-07
2.95486907774e-08
0.000685408528104
1.86872225094e-05
1.34830049624e-05
5.86162355948e-08
1.53322884575e-05
7.0917762504e-12
0.000190743912038
6.53640893935e-08
1.37494615281e-05
8.61874243472e-05
0.000227976176237
0.000835386166263
1.50280341886e-05
4.84490775457e-05
2.81401678454e-07
3.74870221809e-07
1.53322884575e-05
8.793235595e-05
2.67340806241e-06
0.00033866086708
8.793235595e-05
3.56303948277e-05
7.88546699051e-05
3.25989904444e-05
2.15811117023e-11
3.70877296727e-05
2.98116864387e-06
4.84490775458e-05
3.56307795561e-06
4.18024979609e-07
0.000208481330379
1.37494615281e-05
0.00010504652197
3.63517599505e-05
6.33845941551e-06
4.84490775457e-05
0.000315971220368
0.000107173270707
4.80705428884e-09
3.32589824221e-05
5.36292149802e-08
8.88378995884e-08
2.70344208097e-07
0.000227868164454
4.94065476978e-05
1.64804352939e-11
5.76725226222e-14
3.90383702611e-06
2.67464640432e-05
7.72540914509e-06
1.37494615281e-05
3.63517599505e-05
1.16106001121e-06
1.37494615281e-05
9.91107345403e-07
0.00025924461982
4.47830750871e-07
1.67580493722e-05
0.00020434422228
0.00030369925376
5.471498025e-08
3.32589824221e-05
9.06784756061e-07
9.61092511735e-05
3.07569429967e-07
8.04511441771e-05
0.000551197096748
2.62035689411e-06
5.6841093306e-06
7.97036320606e-07
7.28887506829e-08
3.25989904444e-05
5.90504604049e-05
3.64733338286e-11
0.000671807266218
0.00025410016389
3.46833440861e-09
0.000107173270707
2.44595672605e-06
1.01117308634e-06
0.000117139392914
3.46669116241e-09
3.94221339895e-10
1.4628433259e-08
3.63517599505e-05
6.79361923881e-06
3.23596246943e-09
9.45171039857e-11
0.000171052487536
1.37494615281e-05
4.05365452575e-05
8.793235595e-05
1.91381831003e-10
8.53875355456e-08
0.00025410016389
3.63517599505e-05
9.61092511735e-05
1.67580493722e-05
6.67183264468e-07
1.78210984039e-09
1.31121950717e-09
8.793235595e-05
1.17586861784e-10
0.000119510971253
0.000208481330379
1.32351697021e-07
9.61092511735e-05
2.0029137372e-05
6.46978193038e-05
5.20051003222e-06
8.88790499446e-07
1.41788559888e-07
8.61874243472e-05
3.97509705926e-05
2.87098874832e-07
6.33845941551e-06
1.02254400608e-08
2.67340806241e-06
